   342961231   -83041166 -1231881669  -569720946
  1758935263 -1452036029  1779700386 -2012097584
  1296243199 -1240425449  1552332372  1943011413
 -1831213055  2114384390  1348873597 -1058553073
  1963813916   512881490  1719871549  1155266546
  -742936377    69134425 -2139733842 -1027792697
 -1175274627  -183077228  1200556324  -855576144
 -1742027974  1245222698  1388329425 -1553178475
 -1065634826   799069754   987988862 -1822918282
  1382225041  1554103380   545353124 -2055857981
 -1184625968  1135441178 -1230930206   844462569
 -1418307739  -290284074  1186268227  1105511797
  -712317627    30025309   -58085183 -1523522649
  -863076844 -1974167352 -1338727783 -1305352737
 -2019110593 -1975897136  -398303937  -838469986
    65670694  -540718767 -1182136005  1605680039
 -1533718936  -653683830   152376334 -1378751677
 -1068951702   440664471  -486230923   803477496
  1103785913  1309290478   323470821  1060295722
 -1974998317  1189260276 -1112049990   718155744
  -945885200  1483077898 -1270097870  -947742421
 -1850089617  -161495171 -1195896600 -1694644370
  1791987505  -917984919   450679961 -1634004942
  1470107416   684835956 -1535140415 -1651599740
  1526664011   169590246    62520737  1907082200
  1684073056  1215581803  1818562060   134463071
   815114763 -1980436872  -581966815   110805382
  1420880952 -1540237862  1783960403 -1906869240
  -589792475 -1669107828  1739622957 -1245443562
  1565511033 -1745912552  -699587750   408409741
  -699058225  1587386278  1823230947  1875010502
    25037337  -317902824   856279027 -1673608433
   778378282  1896325543  2084917478 -1271896277
  1672025199  -268868756   -87223652  1443345336
  1080733928    91784885   143711785   527319129
  1253607502 -1730092747 -2005524954  1809384120
 -1330846517  1298894672  1874246572  -951926112
  2038298441   754658310
